-1.5675
-1.5021
-1.4753
-1.447
-1.4275
-1.4164
-1.4012
-1.3884
-1.3618
-1.3499
-1.3334
-1.3236
-1.3079
-1.2929
-1.2843
-1.2712
-1.261
-1.254
-1.2469
-1.232
-1.2186
-1.2096
-1.1893
-1.1764
-1.1686
-1.1612
-1.1511
-1.1322
-1.1198
-1.1077
-1.1004
-1.0922
-1.0828
-1.0711
-1.0589
-1.048
-1.0332
-1.0238
-1.0118
-1.0033
-0.9917
-0.9799
-0.9752
-0.9681
-0.9498
-0.9385
-0.9294
-0.9163
-0.9043
-0.9006
-0.8882
-0.8825
-0.8718
-0.8604
-0.8543
-0.8466
-0.8392
-0.833
-0.8237
-0.8209
-0.816
-0.8105
-0.8031
-0.7949
-0.7889
-0.7824
-0.7715
-0.7621
-0.7494
-0.7406
-0.7303
-0.719
-0.7127
-0.7058
-0.6933
-0.6856
-0.6778
-0.6739
-0.6676
-0.6598
-0.6477
-0.6396
-0.628
-0.6146
-0.6003
-0.5934
-0.5836
-0.5719
-0.5572
-0.5496
-0.5415
-0.5299
-0.5201
-0.5061
-0.4941
-0.4841
-0.4782
-0.4564
-0.439
-0.4254
-0.4078
-0.3884
-0.3756
-0.3591
-0.345
-0.3257
-0.3074
-0.2944
-0.2806
-0.2646
-0.2466
-0.2322
-0.2138
-0.1936
-0.1827
-0.1718
-0.1389
-0.1231
-0.0991
-0.0745
-0.0458
-0.0237
-0.0114
-0.0001
-0.0001
-0.0001
-0.0001
-0.0001
-0.0001
-0.0001
-0.0001
-0.0001
-0.0001
-0.0001
-0.0001
-0.0001
0
0
0
0
0
0
0
0
0
0
0
0
0
0
0
0.0245
0.0467
0.0633
0.0852
0.0986
0.1273
0.1613
0.1695
0.2014
0.2204
0.2426
0.2588
0.2746
0.2825
0.2979
0.3103
0.3194
0.3351
0.3476
0.3565
0.3706
0.3822
0.3894
0.4005
0.4104
0.4155
0.4238
0.437
0.4539
0.471
0.4784
0.4962
0.5074
0.5142
0.5211
0.5313
0.5412
0.5629
0.5703
0.5827
0.5937
0.6055
0.6204
0.633
0.6413
0.6594
0.6746
0.6818
0.6892
0.7005
0.7134
0.723
0.7345
0.7432
0.749
0.7572
0.7624
0.77
0.7848
0.7914
0.8025
0.8077
0.8113
0.8235
0.8294
0.841
0.8521
0.8566
0.8646
0.8766
0.8844
0.8979
0.9162
0.9241
0.9332
0.9398
0.957
0.9729
0.977
0.9915
1.0057
1.0218
1.0316
1.0411
1.0492
1.0547
1.0661
1.0743
1.0854
1.0936
1.1028
1.1136
1.1259
1.1335
1.1496
1.16
1.1727
1.1871
1.1939
1.2043
1.2121
1.2224
1.232
1.2457